1 0.4484375 0.4 0.1171875 0.278125
1 0.0359375 0.4265625 0.071875 0.175
1 0.315625 0.4609375 0.21015625 0.321875
1 0.82109375 0.46640625 0.2234375 0.32265625
1 0.0625 0.534375 0.125 0.265625
1 0.12578125 0.659375 0.13984375 0.37578125
1 0.2921875 0.78125 0.1796875 0.4296875
1 0.86875 0.7828125 0.26171875 0.43359375
1 0.3078125 0.22890625 0.06171875 0.13046875
1 0.7375 0.23515625 0.1421875 0.1546875
1 0.64375 0.25703125 0.071875 0.1625
1 0.4828125 0.28515625 0.06875 0.159375
1 0.3921875 0.31953125 0.08515625 0.1640625
1 0.56796875 0.359375 0.08984375 0.22265625
1 0.1640625 0.37578125 0.09921875 0.17421875
1 0.6859375 0.37890625 0.12109375 0.25546875